0   0   0   0   0   0   0   0   0   0   0   0   0   0   0   0   0   0   0   0   0   0   0   0   0   0   0   0   0   0   0   0   0   0   0   0   0   0   0   0   0   0   0   0   0   0   0   0   0   0   0   0   0   0   0   0   0   0   0   0   0   0   0   0   0   0   0   0   0   0   0   0   0   0   0   0   0   0   0   0   0   

0.025   0.024375   0.02375   0.023125   0.0225   0.021875   0.02125   0.020625   0.02   0.019375   0.01875   0.018125   0.0175   0.016875   0.01625   0.015625   0.015   0.014375   0.01375   0.013125   0.0125   0.011875   0.01125   0.010625   0.01   0.009375   0.00875   0.008125   0.0075   0.006875   0.00625   0.005625   0.005   0.004375   0.00375   0.003125   0.0025   0.001875   0.00125   0.000625   0   -0.000625   -0.00125   -0.001875   -0.0025   -0.003125   -0.00375   -0.004375   -0.005   -0.005625   -0.00625   -0.006875   -0.0075   -0.008125   -0.00875   -0.009375   -0.01   -0.010625   -0.01125   -0.011875   -0.0125   -0.013125   -0.01375   -0.014375   -0.015   -0.015625   -0.01625   -0.016875   -0.0175   -0.018125   -0.01875   -0.019375   -0.02   -0.020625   -0.02125   -0.021875   -0.0225   -0.023125   -0.02375   -0.024375   -0.025   

0.05   0.04875   0.0475   0.04625   0.045   0.04375   0.0425   0.04125   0.04   0.03875   0.0375   0.03625   0.035   0.03375   0.0325   0.03125   0.03   0.02875   0.0275   0.02625   0.025   0.02375   0.0225   0.02125   0.02   0.01875   0.0175   0.01625   0.015   0.01375   0.0125   0.01125   0.01   0.00875   0.0075   0.00625   0.005   0.00375   0.0025   0.00125   0   -0.00125   -0.0025   -0.00375   -0.005   -0.00625   -0.0075   -0.00875   -0.01   -0.01125   -0.0125   -0.01375   -0.015   -0.01625   -0.0175   -0.01875   -0.02   -0.02125   -0.0225   -0.02375   -0.025   -0.02625   -0.0275   -0.02875   -0.03   -0.03125   -0.0325   -0.03375   -0.035   -0.03625   -0.0375   -0.03875   -0.04   -0.04125   -0.0425   -0.04375   -0.045   -0.04625   -0.0475   -0.04875   -0.05   

0.075   0.073125   0.07125   0.069375   0.0675   0.065625   0.06375   0.061875   0.06   0.058125   0.05625   0.054375   0.0525   0.050625   0.04875   0.046875   0.045   0.043125   0.04125   0.039375   0.0375   0.035625   0.03375   0.031875   0.03   0.028125   0.02625   0.024375   0.0225   0.020625   0.01875   0.016875   0.015   0.013125   0.01125   0.009375   0.0075   0.005625   0.00375   0.001875   0   -0.001875   -0.00375   -0.005625   -0.0075   -0.009375   -0.01125   -0.013125   -0.015   -0.016875   -0.01875   -0.020625   -0.0225   -0.024375   -0.02625   -0.028125   -0.03   -0.031875   -0.03375   -0.035625   -0.0375   -0.039375   -0.04125   -0.043125   -0.045   -0.046875   -0.04875   -0.050625   -0.0525   -0.054375   -0.05625   -0.058125   -0.06   -0.061875   -0.06375   -0.065625   -0.0675   -0.069375   -0.07125   -0.073125   -0.075   

0.1   0.0975   0.095   0.0925   0.09   0.0875   0.085   0.0825   0.08   0.0775   0.075   0.0725   0.07   0.0675   0.065   0.0625   0.06   0.0575   0.055   0.0525   0.05   0.0475   0.045   0.0425   0.04   0.0375   0.035   0.0325   0.03   0.0275   0.025   0.0225   0.02   0.0175   0.015   0.0125   0.01   0.0075   0.005   0.0025   0   -0.0025   -0.005   -0.0075   -0.01   -0.0125   -0.015   -0.0175   -0.02   -0.0225   -0.025   -0.0275   -0.03   -0.0325   -0.035   -0.0375   -0.04   -0.0425   -0.045   -0.0475   -0.05   -0.0525   -0.055   -0.0575   -0.06   -0.0625   -0.065   -0.0675   -0.07   -0.0725   -0.075   -0.0775   -0.08   -0.0825   -0.085   -0.0875   -0.09   -0.0925   -0.095   -0.0975   -0.1   

0.125   0.121875   0.11875   0.115625   0.1125   0.109375   0.10625   0.103125   0.1   0.096875   0.09375   0.090625   0.0875   0.084375   0.08125   0.078125   0.075   0.071875   0.06875   0.065625   0.0625   0.059375   0.05625   0.053125   0.05   0.046875   0.04375   0.040625   0.0375   0.034375   0.03125   0.028125   0.025   0.021875   0.01875   0.015625   0.0125   0.009375   0.00625   0.003125   0   -0.003125   -0.00625   -0.009375   -0.0125   -0.015625   -0.01875   -0.021875   -0.025   -0.028125   -0.03125   -0.034375   -0.0375   -0.040625   -0.04375   -0.046875   -0.05   -0.053125   -0.05625   -0.059375   -0.0625   -0.065625   -0.06875   -0.071875   -0.075   -0.078125   -0.08125   -0.084375   -0.0875   -0.090625   -0.09375   -0.096875   -0.1   -0.103125   -0.10625   -0.109375   -0.1125   -0.115625   -0.11875   -0.121875   -0.125   

0.15   0.14625   0.1425   0.13875   0.135   0.13125   0.1275   0.12375   0.12   0.11625   0.1125   0.10875   0.105   0.10125   0.0975   0.09375   0.09   0.08625   0.0825   0.07875   0.075   0.07125   0.0675   0.06375   0.06   0.05625   0.0525   0.04875   0.045   0.04125   0.0375   0.03375   0.03   0.02625   0.0225   0.01875   0.015   0.01125   0.0075   0.00375   0   -0.00375   -0.0075   -0.01125   -0.015   -0.01875   -0.0225   -0.02625   -0.03   -0.03375   -0.0375   -0.04125   -0.045   -0.04875   -0.0525   -0.05625   -0.06   -0.06375   -0.0675   -0.07125   -0.075   -0.07875   -0.0825   -0.08625   -0.09   -0.09375   -0.0975   -0.10125   -0.105   -0.10875   -0.1125   -0.11625   -0.12   -0.12375   -0.1275   -0.13125   -0.135   -0.13875   -0.1425   -0.14625   -0.15   

0.175   0.170625   0.16625   0.161875   0.1575   0.153125   0.14875   0.144375   0.14   0.135625   0.13125   0.126875   0.1225   0.118125   0.11375   0.109375   0.105   0.100625   0.09625   0.091875   0.0875   0.083125   0.07875   0.074375   0.07   0.065625   0.06125   0.056875   0.0525   0.048125   0.04375   0.039375   0.035   0.030625   0.02625   0.021875   0.0175   0.013125   0.00875   0.004375   0   -0.004375   -0.00875   -0.013125   -0.0175   -0.021875   -0.02625   -0.030625   -0.035   -0.039375   -0.04375   -0.048125   -0.0525   -0.056875   -0.06125   -0.065625   -0.07   -0.074375   -0.07875   -0.083125   -0.0875   -0.091875   -0.09625   -0.100625   -0.105   -0.109375   -0.11375   -0.118125   -0.1225   -0.126875   -0.13125   -0.135625   -0.14   -0.144375   -0.14875   -0.153125   -0.1575   -0.161875   -0.16625   -0.170625   -0.175   

0.2   0.195   0.19   0.185   0.18   0.175   0.17   0.165   0.16   0.155   0.15   0.145   0.14   0.135   0.13   0.125   0.12   0.115   0.11   0.105   0.1   0.095   0.09   0.085   0.08   0.075   0.07   0.065   0.06   0.055   0.05   0.045   0.04   0.035   0.03   0.025   0.02   0.015   0.01   0.005   0   -0.005   -0.01   -0.015   -0.02   -0.025   -0.03   -0.035   -0.04   -0.045   -0.05   -0.055   -0.06   -0.065   -0.07   -0.075   -0.08   -0.085   -0.09   -0.095   -0.1   -0.105   -0.11   -0.115   -0.12   -0.125   -0.13   -0.135   -0.14   -0.145   -0.15   -0.155   -0.16   -0.165   -0.17   -0.175   -0.18   -0.185   -0.19   -0.195   -0.2   

0.225   0.219375   0.21375   0.208125   0.2025   0.196875   0.19125   0.185625   0.18   0.174375   0.16875   0.163125   0.1575   0.151875   0.14625   0.140625   0.135   0.129375   0.12375   0.118125   0.1125   0.106875   0.10125   0.095625   0.09   0.084375   0.07875   0.073125   0.0675   0.061875   0.05625   0.050625   0.045   0.039375   0.03375   0.028125   0.0225   0.016875   0.01125   0.005625   0   -0.005625   -0.01125   -0.016875   -0.0225   -0.028125   -0.03375   -0.039375   -0.045   -0.050625   -0.05625   -0.061875   -0.0675   -0.073125   -0.07875   -0.084375   -0.09   -0.095625   -0.10125   -0.106875   -0.1125   -0.118125   -0.12375   -0.129375   -0.135   -0.140625   -0.14625   -0.151875   -0.1575   -0.163125   -0.16875   -0.174375   -0.18   -0.185625   -0.19125   -0.196875   -0.2025   -0.208125   -0.21375   -0.219375   -0.225   

0.25   0.24375   0.2375   0.23125   0.225   0.21875   0.2125   0.20625   0.2   0.19375   0.1875   0.18125   0.175   0.16875   0.1625   0.15625   0.15   0.14375   0.1375   0.13125   0.125   0.11875   0.1125   0.10625   0.1   0.09375   0.0875   0.08125   0.075   0.06875   0.0625   0.05625   0.05   0.04375   0.0375   0.03125   0.025   0.01875   0.0125   0.00625   0   -0.00625   -0.0125   -0.01875   -0.025   -0.03125   -0.0375   -0.04375   -0.05   -0.05625   -0.0625   -0.06875   -0.075   -0.08125   -0.0875   -0.09375   -0.1   -0.10625   -0.1125   -0.11875   -0.125   -0.13125   -0.1375   -0.14375   -0.15   -0.15625   -0.1625   -0.16875   -0.175   -0.18125   -0.1875   -0.19375   -0.2   -0.20625   -0.2125   -0.21875   -0.225   -0.23125   -0.2375   -0.24375   -0.25   

0.275   0.268125   0.26125   0.254375   0.2475   0.240625   0.23375   0.226875   0.22   0.213125   0.20625   0.199375   0.1925   0.185625   0.17875   0.171875   0.165   0.158125   0.15125   0.144375   0.1375   0.130625   0.12375   0.116875   0.11   0.103125   0.09625   0.089375   0.0825   0.075625   0.06875   0.061875   0.055   0.048125   0.04125   0.034375   0.0275   0.020625   0.01375   0.006875   0   -0.006875   -0.01375   -0.020625   -0.0275   -0.034375   -0.04125   -0.048125   -0.055   -0.061875   -0.06875   -0.075625   -0.0825   -0.089375   -0.09625   -0.103125   -0.11   -0.116875   -0.12375   -0.130625   -0.1375   -0.144375   -0.15125   -0.158125   -0.165   -0.171875   -0.17875   -0.185625   -0.1925   -0.199375   -0.20625   -0.213125   -0.22   -0.226875   -0.23375   -0.240625   -0.2475   -0.254375   -0.26125   -0.268125   -0.275   

0.3   0.2925   0.285   0.2775   0.27   0.2625   0.255   0.2475   0.24   0.2325   0.225   0.2175   0.21   0.2025   0.195   0.1875   0.18   0.1725   0.165   0.1575   0.15   0.1425   0.135   0.1275   0.12   0.1125   0.105   0.0975   0.09   0.0825   0.075   0.0675   0.06   0.0525   0.045   0.0375   0.03   0.0225   0.015   0.0075   0   -0.0075   -0.015   -0.0225   -0.03   -0.0375   -0.045   -0.0525   -0.06   -0.0675   -0.075   -0.0825   -0.09   -0.0975   -0.105   -0.1125   -0.12   -0.1275   -0.135   -0.1425   -0.15   -0.1575   -0.165   -0.1725   -0.18   -0.1875   -0.195   -0.2025   -0.21   -0.2175   -0.225   -0.2325   -0.24   -0.2475   -0.255   -0.2625   -0.27   -0.2775   -0.285   -0.2925   -0.3   

0.325   0.316875   0.30875   0.300625   0.2925   0.284375   0.27625   0.268125   0.26   0.251875   0.24375   0.235625   0.2275   0.219375   0.21125   0.203125   0.195   0.186875   0.17875   0.170625   0.1625   0.154375   0.14625   0.138125   0.13   0.121875   0.11375   0.105625   0.0975   0.089375   0.08125   0.073125   0.065   0.056875   0.04875   0.040625   0.0325   0.024375   0.01625   0.008125   0   -0.008125   -0.01625   -0.024375   -0.0325   -0.040625   -0.04875   -0.056875   -0.065   -0.073125   -0.08125   -0.089375   -0.0975   -0.105625   -0.11375   -0.121875   -0.13   -0.138125   -0.14625   -0.154375   -0.1625   -0.170625   -0.17875   -0.186875   -0.195   -0.203125   -0.21125   -0.219375   -0.2275   -0.235625   -0.24375   -0.251875   -0.26   -0.268125   -0.27625   -0.284375   -0.2925   -0.300625   -0.30875   -0.316875   -0.325   

0.35   0.34125   0.3325   0.32375   0.315   0.30625   0.2975   0.28875   0.28   0.27125   0.2625   0.25375   0.245   0.23625   0.2275   0.21875   0.21   0.20125   0.1925   0.18375   0.175   0.16625   0.1575   0.14875   0.14   0.13125   0.1225   0.11375   0.105   0.09625   0.0875   0.07875   0.07   0.06125   0.0525   0.04375   0.035   0.02625   0.0175   0.00875   0   -0.00875   -0.0175   -0.02625   -0.035   -0.04375   -0.0525   -0.06125   -0.07   -0.07875   -0.0875   -0.09625   -0.105   -0.11375   -0.1225   -0.13125   -0.14   -0.14875   -0.1575   -0.16625   -0.175   -0.18375   -0.1925   -0.20125   -0.21   -0.21875   -0.2275   -0.23625   -0.245   -0.25375   -0.2625   -0.27125   -0.28   -0.28875   -0.2975   -0.30625   -0.315   -0.32375   -0.3325   -0.34125   -0.35   

0.375   0.365625   0.35625   0.346875   0.3375   0.328125   0.31875   0.309375   0.3   0.290625   0.28125   0.271875   0.2625   0.253125   0.24375   0.234375   0.225   0.215625   0.20625   0.196875   0.1875   0.178125   0.16875   0.159375   0.15   0.140625   0.13125   0.121875   0.1125   0.103125   0.09375   0.084375   0.075   0.065625   0.05625   0.046875   0.0375   0.028125   0.01875   0.009375   0   -0.009375   -0.01875   -0.028125   -0.0375   -0.046875   -0.05625   -0.065625   -0.075   -0.084375   -0.09375   -0.103125   -0.1125   -0.121875   -0.13125   -0.140625   -0.15   -0.159375   -0.16875   -0.178125   -0.1875   -0.196875   -0.20625   -0.215625   -0.225   -0.234375   -0.24375   -0.253125   -0.2625   -0.271875   -0.28125   -0.290625   -0.3   -0.309375   -0.31875   -0.328125   -0.3375   -0.346875   -0.35625   -0.365625   -0.375   

0.4   0.39   0.38   0.37   0.36   0.35   0.34   0.33   0.32   0.31   0.3   0.29   0.28   0.27   0.26   0.25   0.24   0.23   0.22   0.21   0.2   0.19   0.18   0.17   0.16   0.15   0.14   0.13   0.12   0.11   0.1   0.09   0.08   0.07   0.06   0.05   0.04   0.03   0.02   0.01   0   -0.01   -0.02   -0.03   -0.04   -0.05   -0.06   -0.07   -0.08   -0.09   -0.1   -0.11   -0.12   -0.13   -0.14   -0.15   -0.16   -0.17   -0.18   -0.19   -0.2   -0.21   -0.22   -0.23   -0.24   -0.25   -0.26   -0.27   -0.28   -0.29   -0.3   -0.31   -0.32   -0.33   -0.34   -0.35   -0.36   -0.37   -0.38   -0.39   -0.4   

0.425   0.414375   0.40375   0.393125   0.3825   0.371875   0.36125   0.350625   0.34   0.329375   0.31875   0.308125   0.2975   0.286875   0.27625   0.265625   0.255   0.244375   0.23375   0.223125   0.2125   0.201875   0.19125   0.180625   0.17   0.159375   0.14875   0.138125   0.1275   0.116875   0.10625   0.095625   0.085   0.074375   0.06375   0.053125   0.0425   0.031875   0.02125   0.010625   0   -0.010625   -0.02125   -0.031875   -0.0425   -0.053125   -0.06375   -0.074375   -0.085   -0.095625   -0.10625   -0.116875   -0.1275   -0.138125   -0.14875   -0.159375   -0.17   -0.180625   -0.19125   -0.201875   -0.2125   -0.223125   -0.23375   -0.244375   -0.255   -0.265625   -0.27625   -0.286875   -0.2975   -0.308125   -0.31875   -0.329375   -0.34   -0.350625   -0.36125   -0.371875   -0.3825   -0.393125   -0.40375   -0.414375   -0.425   

0.45   0.43875   0.4275   0.41625   0.405   0.39375   0.3825   0.37125   0.36   0.34875   0.3375   0.32625   0.315   0.30375   0.2925   0.28125   0.27   0.25875   0.2475   0.23625   0.225   0.21375   0.2025   0.19125   0.18   0.16875   0.1575   0.14625   0.135   0.12375   0.1125   0.10125   0.09   0.07875   0.0675   0.05625   0.045   0.03375   0.0225   0.01125   0   -0.01125   -0.0225   -0.03375   -0.045   -0.05625   -0.0675   -0.07875   -0.09   -0.10125   -0.1125   -0.12375   -0.135   -0.14625   -0.1575   -0.16875   -0.18   -0.19125   -0.2025   -0.21375   -0.225   -0.23625   -0.2475   -0.25875   -0.27   -0.28125   -0.2925   -0.30375   -0.315   -0.32625   -0.3375   -0.34875   -0.36   -0.37125   -0.3825   -0.39375   -0.405   -0.41625   -0.4275   -0.43875   -0.45   

0.475   0.463125   0.45125   0.439375   0.4275   0.415625   0.40375   0.391875   0.38   0.368125   0.35625   0.344375   0.3325   0.320625   0.30875   0.296875   0.285   0.273125   0.26125   0.249375   0.2375   0.225625   0.21375   0.201875   0.19   0.178125   0.16625   0.154375   0.1425   0.130625   0.11875   0.106875   0.095   0.083125   0.07125   0.059375   0.0475   0.035625   0.02375   0.011875   0   -0.011875   -0.02375   -0.035625   -0.0475   -0.059375   -0.07125   -0.083125   -0.095   -0.106875   -0.11875   -0.130625   -0.1425   -0.154375   -0.16625   -0.178125   -0.19   -0.201875   -0.21375   -0.225625   -0.2375   -0.249375   -0.26125   -0.273125   -0.285   -0.296875   -0.30875   -0.320625   -0.3325   -0.344375   -0.35625   -0.368125   -0.38   -0.391875   -0.40375   -0.415625   -0.4275   -0.439375   -0.45125   -0.463125   -0.475   

0.5   0.4875   0.475   0.4625   0.45   0.4375   0.425   0.4125   0.4   0.3875   0.375   0.3625   0.35   0.3375   0.325   0.3125   0.3   0.2875   0.275   0.2625   0.25   0.2375   0.225   0.2125   0.2   0.1875   0.175   0.1625   0.15   0.1375   0.125   0.1125   0.1   0.0875   0.075   0.0625   0.05   0.0375   0.025   0.0125   0   -0.0125   -0.025   -0.0375   -0.05   -0.0625   -0.075   -0.0875   -0.1   -0.1125   -0.125   -0.1375   -0.15   -0.1625   -0.175   -0.1875   -0.2   -0.2125   -0.225   -0.2375   -0.25   -0.2625   -0.275   -0.2875   -0.3   -0.3125   -0.325   -0.3375   -0.35   -0.3625   -0.375   -0.3875   -0.4   -0.4125   -0.425   -0.4375   -0.45   -0.4625   -0.475   -0.4875   -0.5   

0.525   0.511875   0.49875   0.485625   0.4725   0.459375   0.44625   0.433125   0.42   0.406875   0.39375   0.380625   0.3675   0.354375   0.34125   0.328125   0.315   0.301875   0.28875   0.275625   0.2625   0.249375   0.23625   0.223125   0.21   0.196875   0.18375   0.170625   0.1575   0.144375   0.13125   0.118125   0.105   0.091875   0.07875   0.065625   0.0525   0.039375   0.02625   0.013125   0   -0.013125   -0.02625   -0.039375   -0.0525   -0.065625   -0.07875   -0.091875   -0.105   -0.118125   -0.13125   -0.144375   -0.1575   -0.170625   -0.18375   -0.196875   -0.21   -0.223125   -0.23625   -0.249375   -0.2625   -0.275625   -0.28875   -0.301875   -0.315   -0.328125   -0.34125   -0.354375   -0.3675   -0.380625   -0.39375   -0.406875   -0.42   -0.433125   -0.44625   -0.459375   -0.4725   -0.485625   -0.49875   -0.511875   -0.525   

0.55   0.53625   0.5225   0.50875   0.495   0.48125   0.4675   0.45375   0.44   0.42625   0.4125   0.39875   0.385   0.37125   0.3575   0.34375   0.33   0.31625   0.3025   0.28875   0.275   0.26125   0.2475   0.23375   0.22   0.20625   0.1925   0.17875   0.165   0.15125   0.1375   0.12375   0.11   0.09625   0.0825   0.06875   0.055   0.04125   0.0275   0.01375   0   -0.01375   -0.0275   -0.04125   -0.055   -0.06875   -0.0825   -0.09625   -0.11   -0.12375   -0.1375   -0.15125   -0.165   -0.17875   -0.1925   -0.20625   -0.22   -0.23375   -0.2475   -0.26125   -0.275   -0.28875   -0.3025   -0.31625   -0.33   -0.34375   -0.3575   -0.37125   -0.385   -0.39875   -0.4125   -0.42625   -0.44   -0.45375   -0.4675   -0.48125   -0.495   -0.50875   -0.5225   -0.53625   -0.55   

0.575   0.560625   0.54625   0.531875   0.5175   0.503125   0.48875   0.474375   0.46   0.445625   0.43125   0.416875   0.4025   0.388125   0.37375   0.359375   0.345   0.330625   0.31625   0.301875   0.2875   0.273125   0.25875   0.244375   0.23   0.215625   0.20125   0.186875   0.1725   0.158125   0.14375   0.129375   0.115   0.100625   0.08625   0.071875   0.0575   0.043125   0.02875   0.014375   0   -0.014375   -0.02875   -0.043125   -0.0575   -0.071875   -0.08625   -0.100625   -0.115   -0.129375   -0.14375   -0.158125   -0.1725   -0.186875   -0.20125   -0.215625   -0.23   -0.244375   -0.25875   -0.273125   -0.2875   -0.301875   -0.31625   -0.330625   -0.345   -0.359375   -0.37375   -0.388125   -0.4025   -0.416875   -0.43125   -0.445625   -0.46   -0.474375   -0.48875   -0.503125   -0.5175   -0.531875   -0.54625   -0.560625   -0.575   

0.6   0.585   0.57   0.555   0.54   0.525   0.51   0.495   0.48   0.465   0.45   0.435   0.42   0.405   0.39   0.375   0.36   0.345   0.33   0.315   0.3   0.285   0.27   0.255   0.24   0.225   0.21   0.195   0.18   0.165   0.15   0.135   0.12   0.105   0.09   0.075   0.06   0.045   0.03   0.015   0   -0.015   -0.03   -0.045   -0.06   -0.075   -0.09   -0.105   -0.12   -0.135   -0.15   -0.165   -0.18   -0.195   -0.21   -0.225   -0.24   -0.255   -0.27   -0.285   -0.3   -0.315   -0.33   -0.345   -0.36   -0.375   -0.39   -0.405   -0.42   -0.435   -0.45   -0.465   -0.48   -0.495   -0.51   -0.525   -0.54   -0.555   -0.57   -0.585   -0.6   

0.625   0.609375   0.59375   0.578125   0.5625   0.546875   0.53125   0.515625   0.5   0.484375   0.46875   0.453125   0.4375   0.421875   0.40625   0.390625   0.375   0.359375   0.34375   0.328125   0.3125   0.296875   0.28125   0.265625   0.25   0.234375   0.21875   0.203125   0.1875   0.171875   0.15625   0.140625   0.125   0.109375   0.09375   0.078125   0.0625   0.046875   0.03125   0.015625   0   -0.015625   -0.03125   -0.046875   -0.0625   -0.078125   -0.09375   -0.109375   -0.125   -0.140625   -0.15625   -0.171875   -0.1875   -0.203125   -0.21875   -0.234375   -0.25   -0.265625   -0.28125   -0.296875   -0.3125   -0.328125   -0.34375   -0.359375   -0.375   -0.390625   -0.40625   -0.421875   -0.4375   -0.453125   -0.46875   -0.484375   -0.5   -0.515625   -0.53125   -0.546875   -0.5625   -0.578125   -0.59375   -0.609375   -0.625   

0.65   0.63375   0.6175   0.60125   0.585   0.56875   0.5525   0.53625   0.52   0.50375   0.4875   0.47125   0.455   0.43875   0.4225   0.40625   0.39   0.37375   0.3575   0.34125   0.325   0.30875   0.2925   0.27625   0.26   0.24375   0.2275   0.21125   0.195   0.17875   0.1625   0.14625   0.13   0.11375   0.0975   0.08125   0.065   0.04875   0.0325   0.01625   0   -0.01625   -0.0325   -0.04875   -0.065   -0.08125   -0.0975   -0.11375   -0.13   -0.14625   -0.1625   -0.17875   -0.195   -0.21125   -0.2275   -0.24375   -0.26   -0.27625   -0.2925   -0.30875   -0.325   -0.34125   -0.3575   -0.37375   -0.39   -0.40625   -0.4225   -0.43875   -0.455   -0.47125   -0.4875   -0.50375   -0.52   -0.53625   -0.5525   -0.56875   -0.585   -0.60125   -0.6175   -0.63375   -0.65   

0.675   0.658125   0.64125   0.624375   0.6075   0.590625   0.57375   0.556875   0.54   0.523125   0.50625   0.489375   0.4725   0.455625   0.43875   0.421875   0.405   0.388125   0.37125   0.354375   0.3375   0.320625   0.30375   0.286875   0.27   0.253125   0.23625   0.219375   0.2025   0.185625   0.16875   0.151875   0.135   0.118125   0.10125   0.084375   0.0675   0.050625   0.03375   0.016875   0   -0.016875   -0.03375   -0.050625   -0.0675   -0.084375   -0.10125   -0.118125   -0.135   -0.151875   -0.16875   -0.185625   -0.2025   -0.219375   -0.23625   -0.253125   -0.27   -0.286875   -0.30375   -0.320625   -0.3375   -0.354375   -0.37125   -0.388125   -0.405   -0.421875   -0.43875   -0.455625   -0.4725   -0.489375   -0.50625   -0.523125   -0.54   -0.556875   -0.57375   -0.590625   -0.6075   -0.624375   -0.64125   -0.658125   -0.675   

0.7   0.6825   0.665   0.6475   0.63   0.6125   0.595   0.5775   0.56   0.5425   0.525   0.5075   0.49   0.4725   0.455   0.4375   0.42   0.4025   0.385   0.3675   0.35   0.3325   0.315   0.2975   0.28   0.2625   0.245   0.2275   0.21   0.1925   0.175   0.1575   0.14   0.1225   0.105   0.0875   0.07   0.0525   0.035   0.0175   0   -0.0175   -0.035   -0.0525   -0.07   -0.0875   -0.105   -0.1225   -0.14   -0.1575   -0.175   -0.1925   -0.21   -0.2275   -0.245   -0.2625   -0.28   -0.2975   -0.315   -0.3325   -0.35   -0.3675   -0.385   -0.4025   -0.42   -0.4375   -0.455   -0.4725   -0.49   -0.5075   -0.525   -0.5425   -0.56   -0.5775   -0.595   -0.6125   -0.63   -0.6475   -0.665   -0.6825   -0.7   

0.725   0.706875   0.68875   0.670625   0.6525   0.634375   0.61625   0.598125   0.58   0.561875   0.54375   0.525625   0.5075   0.489375   0.47125   0.453125   0.435   0.416875   0.39875   0.380625   0.3625   0.344375   0.32625   0.308125   0.29   0.271875   0.25375   0.235625   0.2175   0.199375   0.18125   0.163125   0.145   0.126875   0.10875   0.090625   0.0725   0.054375   0.03625   0.018125   0   -0.018125   -0.03625   -0.054375   -0.0725   -0.090625   -0.10875   -0.126875   -0.145   -0.163125   -0.18125   -0.199375   -0.2175   -0.235625   -0.25375   -0.271875   -0.29   -0.308125   -0.32625   -0.344375   -0.3625   -0.380625   -0.39875   -0.416875   -0.435   -0.453125   -0.47125   -0.489375   -0.5075   -0.525625   -0.54375   -0.561875   -0.58   -0.598125   -0.61625   -0.634375   -0.6525   -0.670625   -0.68875   -0.706875   -0.725   

0.75   0.73125   0.7125   0.69375   0.675   0.65625   0.6375   0.61875   0.6   0.58125   0.5625   0.54375   0.525   0.50625   0.4875   0.46875   0.45   0.43125   0.4125   0.39375   0.375   0.35625   0.3375   0.31875   0.3   0.28125   0.2625   0.24375   0.225   0.20625   0.1875   0.16875   0.15   0.13125   0.1125   0.09375   0.075   0.05625   0.0375   0.01875   0   -0.01875   -0.0375   -0.05625   -0.075   -0.09375   -0.1125   -0.13125   -0.15   -0.16875   -0.1875   -0.20625   -0.225   -0.24375   -0.2625   -0.28125   -0.3   -0.31875   -0.3375   -0.35625   -0.375   -0.39375   -0.4125   -0.43125   -0.45   -0.46875   -0.4875   -0.50625   -0.525   -0.54375   -0.5625   -0.58125   -0.6   -0.61875   -0.6375   -0.65625   -0.675   -0.69375   -0.7125   -0.73125   -0.75   

0.775   0.755625   0.73625   0.716875   0.6975   0.678125   0.65875   0.639375   0.62   0.600625   0.58125   0.561875   0.5425   0.523125   0.50375   0.484375   0.465   0.445625   0.42625   0.406875   0.3875   0.368125   0.34875   0.329375   0.31   0.290625   0.27125   0.251875   0.2325   0.213125   0.19375   0.174375   0.155   0.135625   0.11625   0.096875   0.0775   0.058125   0.03875   0.019375   0   -0.019375   -0.03875   -0.058125   -0.0775   -0.096875   -0.11625   -0.135625   -0.155   -0.174375   -0.19375   -0.213125   -0.2325   -0.251875   -0.27125   -0.290625   -0.31   -0.329375   -0.34875   -0.368125   -0.3875   -0.406875   -0.42625   -0.445625   -0.465   -0.484375   -0.50375   -0.523125   -0.5425   -0.561875   -0.58125   -0.600625   -0.62   -0.639375   -0.65875   -0.678125   -0.6975   -0.716875   -0.73625   -0.755625   -0.775   

0.8   0.78   0.76   0.74   0.72   0.7   0.68   0.66   0.64   0.62   0.6   0.58   0.56   0.54   0.52   0.5   0.48   0.46   0.44   0.42   0.4   0.38   0.36   0.34   0.32   0.3   0.28   0.26   0.24   0.22   0.2   0.18   0.16   0.14   0.12   0.1   0.08   0.06   0.04   0.02   0   -0.02   -0.04   -0.06   -0.08   -0.1   -0.12   -0.14   -0.16   -0.18   -0.2   -0.22   -0.24   -0.26   -0.28   -0.3   -0.32   -0.34   -0.36   -0.38   -0.4   -0.42   -0.44   -0.46   -0.48   -0.5   -0.52   -0.54   -0.56   -0.58   -0.6   -0.62   -0.64   -0.66   -0.68   -0.7   -0.72   -0.74   -0.76   -0.78   -0.8   

0.825   0.804375   0.78375   0.763125   0.7425   0.721875   0.70125   0.680625   0.66   0.639375   0.61875   0.598125   0.5775   0.556875   0.53625   0.515625   0.495   0.474375   0.45375   0.433125   0.4125   0.391875   0.37125   0.350625   0.33   0.309375   0.28875   0.268125   0.2475   0.226875   0.20625   0.185625   0.165   0.144375   0.12375   0.103125   0.0825   0.061875   0.04125   0.020625   0   -0.020625   -0.04125   -0.061875   -0.0825   -0.103125   -0.12375   -0.144375   -0.165   -0.185625   -0.20625   -0.226875   -0.2475   -0.268125   -0.28875   -0.309375   -0.33   -0.350625   -0.37125   -0.391875   -0.4125   -0.433125   -0.45375   -0.474375   -0.495   -0.515625   -0.53625   -0.556875   -0.5775   -0.598125   -0.61875   -0.639375   -0.66   -0.680625   -0.70125   -0.721875   -0.7425   -0.763125   -0.78375   -0.804375   -0.825   

0.85   0.82875   0.8075   0.78625   0.765   0.74375   0.7225   0.70125   0.68   0.65875   0.6375   0.61625   0.595   0.57375   0.5525   0.53125   0.51   0.48875   0.4675   0.44625   0.425   0.40375   0.3825   0.36125   0.34   0.31875   0.2975   0.27625   0.255   0.23375   0.2125   0.19125   0.17   0.14875   0.1275   0.10625   0.085   0.06375   0.0425   0.02125   0   -0.02125   -0.0425   -0.06375   -0.085   -0.10625   -0.1275   -0.14875   -0.17   -0.19125   -0.2125   -0.23375   -0.255   -0.27625   -0.2975   -0.31875   -0.34   -0.36125   -0.3825   -0.40375   -0.425   -0.44625   -0.4675   -0.48875   -0.51   -0.53125   -0.5525   -0.57375   -0.595   -0.61625   -0.6375   -0.65875   -0.68   -0.70125   -0.7225   -0.74375   -0.765   -0.78625   -0.8075   -0.82875   -0.85   

0.875   0.853125   0.83125   0.809375   0.7875   0.765625   0.74375   0.721875   0.7   0.678125   0.65625   0.634375   0.6125   0.590625   0.56875   0.546875   0.525   0.503125   0.48125   0.459375   0.4375   0.415625   0.39375   0.371875   0.35   0.328125   0.30625   0.284375   0.2625   0.240625   0.21875   0.196875   0.175   0.153125   0.13125   0.109375   0.0875   0.065625   0.04375   0.021875   0   -0.021875   -0.04375   -0.065625   -0.0875   -0.109375   -0.13125   -0.153125   -0.175   -0.196875   -0.21875   -0.240625   -0.2625   -0.284375   -0.30625   -0.328125   -0.35   -0.371875   -0.39375   -0.415625   -0.4375   -0.459375   -0.48125   -0.503125   -0.525   -0.546875   -0.56875   -0.590625   -0.6125   -0.634375   -0.65625   -0.678125   -0.7   -0.721875   -0.74375   -0.765625   -0.7875   -0.809375   -0.83125   -0.853125   -0.875   

0.9   0.8775   0.855   0.8325   0.81   0.7875   0.765   0.7425   0.72   0.6975   0.675   0.6525   0.63   0.6075   0.585   0.5625   0.54   0.5175   0.495   0.4725   0.45   0.4275   0.405   0.3825   0.36   0.3375   0.315   0.2925   0.27   0.2475   0.225   0.2025   0.18   0.1575   0.135   0.1125   0.09   0.0675   0.045   0.0225   0   -0.0225   -0.045   -0.0675   -0.09   -0.1125   -0.135   -0.1575   -0.18   -0.2025   -0.225   -0.2475   -0.27   -0.2925   -0.315   -0.3375   -0.36   -0.3825   -0.405   -0.4275   -0.45   -0.4725   -0.495   -0.5175   -0.54   -0.5625   -0.585   -0.6075   -0.63   -0.6525   -0.675   -0.6975   -0.72   -0.7425   -0.765   -0.7875   -0.81   -0.8325   -0.855   -0.8775   -0.9   

0.925   0.901875   0.87875   0.855625   0.8325   0.809375   0.78625   0.763125   0.74   0.716875   0.69375   0.670625   0.6475   0.624375   0.60125   0.578125   0.555   0.531875   0.50875   0.485625   0.4625   0.439375   0.41625   0.393125   0.37   0.346875   0.32375   0.300625   0.2775   0.254375   0.23125   0.208125   0.185   0.161875   0.13875   0.115625   0.0925   0.069375   0.04625   0.023125   0   -0.023125   -0.04625   -0.069375   -0.0925   -0.115625   -0.13875   -0.161875   -0.185   -0.208125   -0.23125   -0.254375   -0.2775   -0.300625   -0.32375   -0.346875   -0.37   -0.393125   -0.41625   -0.439375   -0.4625   -0.485625   -0.50875   -0.531875   -0.555   -0.578125   -0.60125   -0.624375   -0.6475   -0.670625   -0.69375   -0.716875   -0.74   -0.763125   -0.78625   -0.809375   -0.8325   -0.855625   -0.87875   -0.901875   -0.925   

0.95   0.92625   0.9025   0.87875   0.855   0.83125   0.8075   0.78375   0.76   0.73625   0.7125   0.68875   0.665   0.64125   0.6175   0.59375   0.57   0.54625   0.5225   0.49875   0.475   0.45125   0.4275   0.40375   0.38   0.35625   0.3325   0.30875   0.285   0.26125   0.2375   0.21375   0.19   0.16625   0.1425   0.11875   0.095   0.07125   0.0475   0.02375   0   -0.02375   -0.0475   -0.07125   -0.095   -0.11875   -0.1425   -0.16625   -0.19   -0.21375   -0.2375   -0.26125   -0.285   -0.30875   -0.3325   -0.35625   -0.38   -0.40375   -0.4275   -0.45125   -0.475   -0.49875   -0.5225   -0.54625   -0.57   -0.59375   -0.6175   -0.64125   -0.665   -0.68875   -0.7125   -0.73625   -0.76   -0.78375   -0.8075   -0.83125   -0.855   -0.87875   -0.9025   -0.92625   -0.95   

0.975   0.950625   0.92625   0.901875   0.8775   0.853125   0.82875   0.804375   0.78   0.755625   0.73125   0.706875   0.6825   0.658125   0.63375   0.609375   0.585   0.560625   0.53625   0.511875   0.4875   0.463125   0.43875   0.414375   0.39   0.365625   0.34125   0.316875   0.2925   0.268125   0.24375   0.219375   0.195   0.170625   0.14625   0.121875   0.0975   0.073125   0.04875   0.024375   0   -0.024375   -0.04875   -0.073125   -0.0975   -0.121875   -0.14625   -0.170625   -0.195   -0.219375   -0.24375   -0.268125   -0.2925   -0.316875   -0.34125   -0.365625   -0.39   -0.414375   -0.43875   -0.463125   -0.4875   -0.511875   -0.53625   -0.560625   -0.585   -0.609375   -0.63375   -0.658125   -0.6825   -0.706875   -0.73125   -0.755625   -0.78   -0.804375   -0.82875   -0.853125   -0.8775   -0.901875   -0.92625   -0.950625   -0.975   

1   0.975   0.95   0.925   0.9   0.875   0.85   0.825   0.8   0.775   0.75   0.725   0.7   0.675   0.65   0.625   0.6   0.575   0.55   0.525   0.5   0.475   0.45   0.425   0.4   0.375   0.35   0.325   0.3   0.275   0.25   0.225   0.2   0.175   0.15   0.125   0.1   0.075   0.05   0.025   0   -0.025   -0.05   -0.075   -0.1   -0.125   -0.15   -0.175   -0.2   -0.225   -0.25   -0.275   -0.3   -0.325   -0.35   -0.375   -0.4   -0.425   -0.45   -0.475   -0.5   -0.525   -0.55   -0.575   -0.6   -0.625   -0.65   -0.675   -0.7   -0.725   -0.75   -0.775   -0.8   -0.825   -0.85   -0.875   -0.9   -0.925   -0.95   -0.975   -1   

